# SiPM channel, spe area [adcc*samples], area uncert [adcc*samples]
0 104.30889753238147 0.2313616673376126
1 108.14717052481762 0.2328132985957945
2 106.43129031271255 0.22144614154735373
3 107.34682964797958 0.22275701448183116
4 128.1600178133758 0.20404523065785687
5 129.47910328856057 0.20165320479840593
6 125.44025011004635 0.19146949788411277
7 125.95235094049025 0.2105611610317878
8 127.53663421285421 0.1895070525373377
9 126.38528747574829 0.186930027608339
10 130.87103063569006 0.18473273026976733
11 129.23338023298086 0.1926807039419656
12 126.14832219414473 0.2030557212357445
13 132.3756534430131 0.1863979392499719
14 127.35505672217403 0.19252660922005693
15 132.71492678980024 0.20075943592191975
16 98.48621861687795 0.24373203055532036
17 100.52861453837968 0.23270759507651176
18 96.32957029886467 0.2321655828697811
19 100.60810751580655 0.23801313171224703
20 129.00990371109162 0.1951373789298493
21 127.98694773990691 0.20156256881454382
22 127.59232449436507 0.1989500655226207
23 131.53238016685432 0.21057515980510189
24 131.4270840285182 0.19759070544534488
25 130.2989718516448 0.18914141014692643
26 130.6312702055748 0.19411660300027245
27 133.6870313647257 0.20089592586314428
28 129.65374550598133 0.21361511654355675
29 127.22968271623657 0.20686548480040803
30 129.96053557887015 0.20068517619164727
31 136.40256139942304 0.2019971083080115