# From first 50 files of 2026-09-14-0744
# SiPM channel, spe area [adcc*samples], area uncert [adcc*samples]
0 135.59513243480959 0.15266960830194073
1 134.3673749362746 0.12072138859860092
2 134.06962771217584 0.14713958304967942
3 131.75590308933855 0.13271289388916108
4 127.91716359167823 0.13516573759552725
5 131.00696546131397 0.15045693350957684
6 128.96715676802486 0.14240777002581587
7 128.45109959275925 0.1421580048337925
8 131.4589928221901 0.16329343538201108
9 132.31729555396709 0.1446881539079485
10 132.38063370285445 0.10911132554101233
11 133.42790086929978 0.15407841412777384
12 128.15216674909342 0.14432812585940577
13 133.99989067019683 0.1255686617533672
14 133.76681543629692 0.14503228178985114
15 130.94390771483882 0.12204794341975554
16 127.53945168859515 0.1216635294322307
17 128.6872948069272 0.12285436075232387
18 122.58965898421027 0.1275535030914713
19 128.94828471472735 0.12738097901234594
20 133.00183093437863 0.09103244394437042
21 131.98928931465616 0.11703509518874795
22 127.68338011325987 0.11251619983301041
23 132.67209973642628 0.13111643116543611
24 133.5461483330288 0.10692563458258206
25 129.41829775591071 0.11030630056163677
26 128.89350247125444 0.11440201391053206
27 137.04416829288354 0.1304843625362534
28 127.17980287386592 0.12357133195755284
29 138.94054752389232 0.13786145361234922
30 131.32075221976473 0.12472944834995382
31 140.79514387878194 0.12349508815619283
