# SiPM channel, spe area [adcc*samples], area uncert [adcc*samples]
0.000000000000000000e+00 5.805433701918786227e+01 1.137579721503622965e+00
1.000000000000000000e+00 5.673549498574345762e+01 9.654191183993172665e-01
2.000000000000000000e+00 5.608691882260595207e+01 9.445077473875470586e-01
3.000000000000000000e+00 5.761794943309989492e+01 1.053633876301381056e+00
4.000000000000000000e+00 4.936834555456255913e+01 8.154983920362669503e-01
5.000000000000000000e+00 5.355133520890559140e+01 8.202294365858256997e-01
6.000000000000000000e+00 5.472403419971715266e+01 8.266148814854920035e-01
7.000000000000000000e+00 5.029956968633720038e+01 7.355232711522701194e-01
8.000000000000000000e+00 5.542624067281272460e+01 9.311673099103806583e-01
9.000000000000000000e+00 5.504004287673732421e+01 9.790072700975489539e-01
1.000000000000000000e+01 5.366383178947049259e+01 8.023771328919322432e-01
1.100000000000000000e+01 5.799267573794749353e+01 9.825099687438308971e-01
1.200000000000000000e+01 5.264360594219242273e+01 9.398829318047258186e-01
1.300000000000000000e+01 5.477375981973655428e+01 9.659384847105429994e-01
1.400000000000000000e+01 5.662871477300846834e+01 1.043695799762914600e+00
1.500000000000000000e+01 5.540460824558597608e+01 1.027500195574386543e+00
1.600000000000000000e+01 5.195278571689230063e+01 1.015507687420796223e+00
1.700000000000000000e+01 5.086348053909037503e+01 1.040530671675972130e+00
1.800000000000000000e+01 5.454175525589059248e+01 1.034129211581311214e+00
1.900000000000000000e+01 5.169410651937059242e+01 8.975863162844756049e-01
2.000000000000000000e+01 5.259973519187856539e+01 1.231932926285323582e+00
2.100000000000000000e+01 5.362577491751071079e+01 1.009947756629253846e+00
2.200000000000000000e+01 5.532746556191418108e+01 1.065960252577239142e+00
2.300000000000000000e+01 5.426466033028840030e+01 1.028397434222074081e+00
2.400000000000000000e+01 5.546958597637252808e+01 1.078112471775788173e+00
2.500000000000000000e+01 5.611165946686951145e+01 1.081950675749385082e+00
2.600000000000000000e+01 5.491579648558253268e+01 1.027874997785248157e+00
2.700000000000000000e+01 5.644449970006699857e+01 1.088261438985841378e+00
2.800000000000000000e+01 5.183032451562258558e+01 8.788441053692538363e-01
2.900000000000000000e+01 5.530517083517807464e+01 9.419606629098495887e-01
3.000000000000000000e+01 5.445652163188098172e+01 9.709559881200823250e-01
3.100000000000000000e+01 5.813078850810276776e+01 1.141304478980926351e+00
