# From 2026-02-10-1641 (amplified, 50V)
# SiPM channel, spe area [adcc*samples], area uncert [adcc*samples]
0.000000000000000000e+00 1.162347051194140732e+02 6.430181560084632375e-01
1.000000000000000000e+00 1.151071539211883987e+02 6.162250639333741731e-01
2.000000000000000000e+00 1.135468816408074986e+02 5.574012266957608652e-01
3.000000000000000000e+00 1.177296494424428346e+02 6.159409589021992426e-01
4.000000000000000000e+00 1.093549259023599518e+02 6.133648982538442151e-01
5.000000000000000000e+00 1.134184284799300855e+02 6.059771374469909988e-01
6.000000000000000000e+00 1.078224699166700731e+02 5.136451673961450748e-01
7.000000000000000000e+00 1.123614451993863810e+02 5.320137058165405053e-01
8.000000000000000000e+00 1.156018545263747654e+02 5.764232777250416495e-01
9.000000000000000000e+00 1.126085976604838947e+02 5.264965328643103071e-01
1.000000000000000000e+01 1.133046529103171878e+02 5.871562126156566475e-01
1.100000000000000000e+01 1.127213410562510489e+02 5.826813937224328832e-01
1.200000000000000000e+01 1.172051392122978797e+02 6.001436531774583250e-01
1.300000000000000000e+01 1.173094682534598974e+02 5.552424724410538470e-01
1.400000000000000000e+01 1.196428171792649096e+02 6.005311388243038673e-01
1.500000000000000000e+01 1.176227631484132843e+02 6.683209498630485745e-01
1.600000000000000000e+01 1.123714421274984119e+02 5.459443084223559728e-01
1.700000000000000000e+01 1.081187529916191465e+02 5.245747039597237205e-01
1.800000000000000000e+01 1.100060279829290124e+02 5.797424352572275730e-01
1.900000000000000000e+01 1.082022371741341829e+02 5.143587509545748393e-01
2.000000000000000000e+01 1.117210808789778298e+02 5.232774978694680890e-01
2.100000000000000000e+01 1.133066876187046716e+02 5.483292063439172415e-01
2.200000000000000000e+01 1.124715265089153178e+02 5.402928732691887337e-01
2.300000000000000000e+01 1.089514316470376372e+02 5.345577391923101995e-01
2.400000000000000000e+01 1.136463121938310508e+02 5.456877604687138117e-01
2.500000000000000000e+01 1.136457292858711554e+02 5.054111107836799510e-01
2.600000000000000000e+01 1.157616922711022056e+02 5.106146885798246160e-01
2.700000000000000000e+01 1.178026616752086682e+02 5.281224696451078948e-01
2.800000000000000000e+01 1.186438250631760525e+02 5.810227890949809515e-01
2.900000000000000000e+01 1.133435254550208526e+02 5.934854203582691223e-01
3.000000000000000000e+01 1.177832131523676651e+02 5.744728296898951037e-01
3.100000000000000000e+01 1.161913452037287584e+02 5.855272860119996592e-01
