# SiPM channel, spe area [adcc*samples], area uncert [adcc*samples]
0.000000000000000000e+00 5.579243862983214086e+01 1.171364569104987874e+00
1.000000000000000000e+00 5.533166467642067943e+01 1.067177597155513080e+00
2.000000000000000000e+00 5.697459237995241921e+01 1.047029556912081993e+00
3.000000000000000000e+00 5.890078418234763546e+01 9.854328548531618992e-01
4.000000000000000000e+00 4.970285693387289427e+01 9.629085851525489570e-01
5.000000000000000000e+00 5.647325807872704218e+01 1.140050405574395409e+00
6.000000000000000000e+00 5.537179414492928231e+01 1.028274553877965847e+00
7.000000000000000000e+00 5.323873469018231930e+01 9.435341801458446698e-01
8.000000000000000000e+00 5.456447157044649998e+01 9.292566975567840837e-01
9.000000000000000000e+00 5.620331186108879251e+01 1.100552439378923442e+00
1.000000000000000000e+01 5.213365880875412017e+01 9.838397300833583436e-01
1.100000000000000000e+01 5.609685659915892586e+01 1.124730354711302116e+00
1.200000000000000000e+01 5.456659918533532050e+01 1.054187426839423791e+00
1.300000000000000000e+01 5.322983462896554130e+01 1.160074427961093502e+00
1.400000000000000000e+01 5.656085654681317010e+01 1.135862176216591246e+00
1.500000000000000000e+01 5.198494958968590396e+01 1.199698162447857763e+00
1.600000000000000000e+01 4.925545002334095557e+01 8.900298072102612590e-01
1.700000000000000000e+01 4.663338762841659957e+01 9.755607731572228936e-01
1.800000000000000000e+01 5.257012321961900625e+01 8.627812103237817443e-01
1.900000000000000000e+01 5.370976171928053589e+01 7.987084782214353140e-01
2.000000000000000000e+01 5.313725967252814542e+01 9.652374332849762428e-01
2.100000000000000000e+01 5.095263840977914072e+01 8.213697182759612803e-01
2.200000000000000000e+01 5.464189196019668771e+01 9.082849396101312367e-01
2.300000000000000000e+01 5.447921935300736607e+01 8.500468566688510474e-01
2.400000000000000000e+01 5.561549842411222500e+01 9.326192336918073256e-01
2.500000000000000000e+01 5.512849100902456456e+01 7.896058314388170185e-01
2.600000000000000000e+01 5.313464535358025387e+01 7.639719396273885188e-01
2.700000000000000000e+01 5.842027154849653670e+01 8.441900337901335760e-01
2.800000000000000000e+01 5.670352515757623024e+01 9.208150943954523937e-01
2.900000000000000000e+01 5.489464322133164131e+01 8.548935240415186376e-01
3.000000000000000000e+01 5.361226700319156180e+01 8.323096630100965676e-01
3.100000000000000000e+01 5.969571180350160944e+01 8.443937041684822509e-01
